# x y-5.0 -0.8350000000000002
-4.5 -0.7910487804878049
-4.0 -0.8850975609756099
-3.5 -0.3251463414634149
-3.0 -0.25719512195121963
-2.5 -0.6152439024390246
-2.0 -0.25329268292682944
-1.5 -0.3173414634146343
-1.0 -0.23739024390243918
-0.5 -0.13943902439024397
0.0 0.42651219512195104
0.5 0.536463414634146
1.0 0.5444146341463413
1.5 0.7623658536585365
2.0 0.9563170731707316
2.5 0.8562682926829266
3.0 0.8102195121951218
3.5 1.334170731707317
4.0 1.2761219512195123
4.5 1.620073170731707
5.0 1.3100243902439022
