# x y-5.0 -0.7250000000000001
-4.5 -0.49104878048780487
-4.0 -0.9610975609756099
-3.5 -0.8151463414634149
-3.0 -0.6771951219512197
-2.5 -0.2672439024390245
-2.0 -0.5052926829268294
-1.5 0.3286585365853657
-1.0 0.20260975609756082
-0.5 0.42856097560975603
0.0 0.646512195121951
0.5 0.42446341463414605
1.0 0.4184146341463413
1.5 1.0523658536585365
2.0 1.1263170731707315
2.5 1.2562682926829265
3.0 1.2662195121951219
3.5 1.324170731707317
4.0 1.0941219512195122
4.5 1.432073170731707
5.0 1.2900243902439024
